100 5
100 250
1 82
1 100
2 29
2 86
3 25
3 30
3 54
3 59
3 86
4 48
4 70
5 10
5 70
5 97
6 62
7 23
7 60
7 79
8 79
9 23
9 31
9 95
10 65
10 66
11 50
11 69
12 10
13 8
13 44
13 78
13 85
14 37
14 39
14 98
15 2
15 17
15 27
16 55
16 66
16 93
17 15
17 48
17 76
18 51
18 52
19 49
19 72
20 51
20 67
20 80
20 81
21 52
21 54
22 26
22 44
22 56
22 66
23 16
23 48
24 53
25 21
25 24
25 27
25 34
26 23
26 27
27 38
28 46
28 91
29 60
29 73
30 7
30 54
31 36
31 85
32 71
33 37
33 39
34 18
35 32
35 73
36 4
36 94
36 97
37 11
37 46
38 34
38 53
38 81
39 13
39 36
39 73
40 12
40 37
40 43
40 90
41 30
41 42
41 50
41 86
42 57
42 79
43 49
43 58
43 62
43 76
44 27
44 96
45 46
45 59
45 72
46 31
46 45
47 4
47 19
47 26
47 90
48 35
48 42
49 8
49 12
50 89
51 14
51 52
52 21
52 55
53 2
53 33
53 67
54 18
54 71
55 12
56 17
56 56
56 74
57 61
57 68
57 71
57 77
58 4
58 28
59 7
59 24
59 88
60 50
60 77
60 92
61 19
61 34
61 40
61 88
62 2
62 75
63 88
63 100
64 5
64 8
64 44
65 11
65 32
65 42
65 91
66 21
67 34
67 89
68 5
68 12
68 74
69 9
69 29
69 81
70 77
70 89
71 1
72 28
72 55
73 1
73 99
74 8
74 19
74 84
75 26
75 49
75 63
76 24
76 78
77 6
77 97
78 33
78 94
79 30
79 67
80 6
80 84
81 64
81 76
82 6
82 16
82 35
82 50
83 11
83 28
83 32
83 45
83 92
84 1
84 87
85 63
85 71
86 62
86 66
87 14
87 29
87 58
87 63
88 9
89 20
90 38
90 41
90 78
91 6
91 85
91 97
92 18
92 84
93 58
93 75
93 89
93 94
94 24
94 64
95 10
95 32
95 33
95 69
96 22
96 31
96 35
96 70
97 55
98 68
98 80
98 92
99 47
99 51
99 80
99 88
100 15
100 72
100 98
